50
38 34
35 29
3 42
23 14
1 46
15 22
36 41
37 26
30 17
19 40
47 12
40 23
33 25
45 50
28 18
2 5
41 38
29 50
49 20
42 1
27 4
17 13
37 38
9 1
29 47
35 9
19 41
4 49
8 5
1 25
34 41
38 49
9 35
38 7
7 45
39 40
7 47
40 6
8 23
42 37
13 30
47 48
4 4
39 33
24 10
39 40
35 34
46 17
26 35
13 41
34 24
15 33
33 34
1 28
22 49
3 5
17 40
1 17
34 23
10 5
20 25
5 11
26 42
26 23
22 18
27 31
1 26
42 20
22 23
29 48
21 41
7 45
37 6
16 44
21 28
14 15
46 12
22 4
23 43
37 15
30 1
14 9
31 27
49 10
42 34
8 17
24 25
37 3
23 20
4 28
47 13
14 32
38 32
35 6
4 7
41 33
15 33
30 7
44 36
6 49
29 14
26 8
21 34
7 4
35 37
48 39
39 47
37 29
46 34
15 43
31 1
11 14
36 41
37 47
45 19
42 21
15 2
50 46
28 17
27 3
5 40
26 32
9 33
30 48
20 34
5 8
14 50
26 3
24 29
23 19
2 43
43 25
32 5
38 9
17 45
30 35
8 3
35 33
17 10
50 1
24 7
6 47
47 27
21 46
23 45
33 16
31 29
48 37
13 36
49 47
37 22
24 19
5 48
48 36
3 4
7 20
40 24
27 28
22 48
9 9
23 36
3 1
50 49
10 44
2 3
39 10
4 12
20 4
6 28
14 6
45 47
22 6
29 33
17 36
12 8
6 28
37 23
6 26
25 32
17 46
46 12
36 37
17 8
25 47
18 3
36 29
29 50
39 15
21 27
47 45
25 46
3 40
17 4
26 7
20 5
17 37
24 28
24 19
40 29
16 33
13 43
44 41
47 4
44 37
10 44
1 46
48 48
32 23
41 44
23 3
47 38
17 38
44 12
45 18
4 41
30 29
17 2
5 49
3 44
26 35
4 35
46 5
20 25
35 3
43 32
40 22
38 30
9 17
18 2
16 46
3 3
43 25
48 25
29 16
49 31
20 4
47 43
29 34
43 49
39 15
15 34
4 26
19 24
32 33
50 49
26 37
1 36
6 45
28 34
1 5
8 23
14 30
29 24
1 20
39 43
17 40
23 33
39 30
1 42
45 14
2 46
40 46
21 40
7 1
43 50
11 15
44 38
38 33
22 29
39 35
39 34
12 18
5 50
49 37
44 17
31 22
43 17
46 13
24 26
15 6
12 18
40 1
26 9
31 2
3 36
10 37
44 14
45 23
46 23
13 36
6 25
33 24
47 30
5 14
18 17
34 46
1 47
45 36
3 9
39 49
20 36
3 37
6 3
22 16
10 31
15 49
25 25
32 24
16 48
22 28
10 11
43 23
43 5
38 11
41 26
29 2
14 30
34 34
4 50
45 27
15 16
44 4
45 48
33 45
37 44
20 22
6 6
31 12
21 8
21 41
4 41
10 13
4 14
24 44
34 30
21 24
25 1
33 35
18 8
1 47
46 5
20 16
28 7
39 6
47 50
7 8
37 47
1 31
6 15
20 23
12 30
32 27
4 47
5 40
16 12
22 24
44 10
44 30
28 49
4 21
37 13
46 30
20 30
41 31
22 48
41 45
30 17
31 25
30 32
41 25
42 10
7 43
48 33
41 9
28 47
2 3
17 35
15 47
12 8
11 39
1 31
14 20
50 15
49 11
49 11
26 28
48 35
9 40
4 28
17 29
44 6
30 7
49 24
27 16
41 24
2 33
24 5
24 43
14 16
38 16
3 48
7 11
2 42
19 3
29 12
35 24
44 46
13 39
