100
78 66
57 68
16 51
76 79
89 39
78 15
66 1
74 55
88 6
68 70
2 69
38 8
67 8
99 46
80 97
64 75
78 81
52 15
95 88
84 76
59 1
27 8
13 99
60 47
11 40
34 38
66 29
87 82
85 39
36 96
48 4
88 61
72 44
67 77
66 14
72 50
94 82
27 26
25 33
20 49
12 51
56 84
74 83
33 24
7 19
99 35
47 34
14 44
54 80
29 42
37 1
42 71
58 36
39 45
27 69
3 84
81 81
57 33
90 81
95 34
11 42
28 23
39 19
95 29
43 56
91 65
29 17
99 36
7 66
53 12
24 5
64 65
40 56
18 41
26 10
39 100
39 48
57 24
38 88
54 68
95 84
97 76
44 27
30 24
69 45
13 9
34 65
67 92
11 12
78 72
11 75
30 98
1 19
9 6
70 28
96 37
99 20
46 37
35 86
21 5
100 67
22 86
27 31
18 81
44 91
66 57
87 18
14 19
35 17
66 4
81 19
61 32
5 1
63 49
39 14
4 97
24 63
5 67
54 53
59 35
29 19
34 65
15 38
75 12
15 49
65 28
94 10
28 32
66 6
95 16
70 92
16 9
97 45
46 78
82 38
10 84
81 67
93 69
36 27
36 9
80 32
1 84
84 68
22 38
98 60
83 9
30 27
37 33
8 38
52 78
93 91
64 66
84 80
43 74
40 78
30 98
34 29
95 21
9 97
70 6
86 65
54 74
33 23
50 49
7 9
87 66
86 7
53 82
86 85
9 27
1 38
97 51
45 80
54 54
76 26
45 76
76 71
29 89
77 13
84 57
16 71
40 43
41 46
52 79
71 50
7 75
74 55
48 96
49 38
15 69
37 41
90 40
18 2
20 35
72 20
2 8
17 50
91 13
54 97
73 99
83 91
76 69
62 1
39 76
14 97
33 56
32 33
90 14
22 96
94 99
52 100
49 11
64 80
75 84
37 6
42 60
70 69
45 62
19 13
63 92
40 3
93 41
45 75
69 61
38 67
8 71
24 70
4 22
71 76
21 31
50 20
52 76
8 19
70 78
48 55
56 96
91 8
99 49
12 13
62 70
73 78
81 42
48 73
56 21
52 99
12 4
69 76
6 41
77 26
94 45
65 13
93 92
67 75
46 83
17 14
73 13
38 66
50 39
68 13
1 8
90 16
57 17
54 40
82 4
85 16
85 59
70 45
91 7
97 48
23 42
61 74
20 82
75 46
14 95
40 58
10 98
29 43
88 59
45 7
96 100
41 96
4 19
79 30
73 19
75 47
41 97
58 22
20 56
27 14
94 46
4 37
91 33
81 9
28 50
99 1
41 55
51 15
67 95
24 45
4 58
30 73
33 26
37 77
4 37
34 43
1 59
84 5
98 67
57 49
57 17
86 71
17 75
89 35
13 93
17 24
88 77
91 1
26 35
83 20
6 39
32 84
4 12
16 83
88 81
36 15
12 58
64 32
27 21
93 63
7 22
54 69
36 12
48 87
37 40
86 25
38 3
29 97
31 47
57 45
28 70
23 31
89 35
99 88
20 77
69 83
4 93
16 72
37 54
27 32
38 59
28 2
49 53
61 58
97 45
5 38
56 20
27 74
7 53
81 44
15 11
51 91
17 24
93 88
82 81
19 79
60 79
99 47
63 100
64 52
43 90
81 59
20 1
88 59
75 16
40 95
9 74
77 64
82 65
62 1
40 23
11 52
91 55
45 54
47 78
7 42
68 2
86 42
41 2
78 14
25 32
30 33
1 12
14 18
26 5
16 19
50 97
61 52
44 16
89 13
37 33
56 36
61 37
34 42
15 67
2 48
16 12
14 11
4 15
62 83
98 68
94 51
29 39
20 25
87 90
71 75
83 74
44 87
33 54
59 83
9 28
30 44
28 74
76 12
98 100
85 37
41 50
19 64
100 73
44 62
48 77
46 17
35 21
72 26
57 50
39 10
100 65
63 99
34 32
44 8
42 31
83 99
87 47
65 86
92 74
49 64
9 80
20 14
21 86
66 61
25 25
72 33
71 13
6 87
30 7
66 39
1 31
52 34
26 94
83 73
9 71
55 13
13 36
48 66
78 32
28 49
88 47
37 59
79 65
21 62
35 58
2 38
10 6
56 85
36 60
44 46
62 48
10 32
90 58
98 69
13 77
16 53
90 55
94 17
91 61
46 87
26 11
32 64
86 14
55 72
89 21
34 17
36 73
62 26
96 20
91 84
43 55
60 17
29 91
87 37
44 65
76 39
38 64
12 74
44 36
9 95
78 53
88 92
90 34
96 41
81 6
57 26
24 23
19 30
26 65
40 6
18 89
75 37
96 83
86 15
49 4
46 99
59 36
86 77
57 75
54 39
10 34
81 12
87 57
85 91
100 62
29 9
32 4
38 45
48 70
78 99
64 6
59 39
3 85
64 35
44 55
17 56
14 26
27 16
37 52
82 12
85 30
42 89
14 64
31 76
69 33
29 66
2 77
34 15
78 90
2 59
32 23
30 74
10 40
80 8
17 25
2 81
9 93
55 54
66 11
45 17
19 14
25 53
75 78
65 72
42 1
28 67
8 15
3 55
41 2
66 88
48 45
1 67
93 38
52 4
93 38
40 32
24 92
72 51
74 89
70 33
8 83
59 9
69 83
46 3
73 77
31 14
58 98
31 81
13 63
5 36
82 92
8 1
57 82
24 20
28 6
75 34
83 27
85 65
51 3
65 68
94 64
37 8
78 61
48 16
68 30
35 41
87 43
42 13
57 37
15 13
8 81
62 88
61 67
19 2
97 66
2 12
21 69
62 54
48 93
4 71
51 72
40 3
72 9
96 35
81 13
63 41
27 86
85 50
62 73
86 88
92 21
64 75
58 98
96 26
21 44
51 94
41 60
73 71
74 31
59 12
48 65
70 12
69 76
63 24
95 14
28 83
91 36
87 39
100 60
81 34
49 80
73 9
79 100
99 20
73 37
19 66
64 59
51 98
93 32
44 90
96 66
3 12
95 63
42 38
100 3
76 9
95 90
87 53
92 2
100 18
20 71
33 35
93 57
38 96
99 50
12 9
56 73
49 58
44 74
35 7
33 75
17 80
64 46
39 73
37 79
42 66
8 69
15 31
24 60
43 66
60 46
79 49
56 51
56 65
49 97
65 3
68 95
96 38
68 44
11 29
22 79
68 55
4 14
19 44
5 72
30 94
60 92
29 24
3 15
95 41
98 43
100 21
96 21
13 67
22 95
17 58
82 90
42 5
49 79
95 44
3 69
43 62
18 75
38 96
94 86
49 23
52 13
40 69
98 43
56 80
18 32
3 75
9 32
39 69
90 92
93 47
79 59
10 49
31 8
54 68
48 56
24 38
47 23
18 99
46 90
61 51
25 12
44 8
20 96
89 86
84 29
60 75
84 89
75 91
2 19
17 56
10 85
3 79
90 81
96 12
39 94
44 50
15 36
19 94
87 48
99 32
59 58
43 34
95 44
62 57
8 24
7 21
84 1
86 65
66 78
7 15
94 22
5 9
67 99
2 84
42 82
61 71
18 94
24 39
76 76
11 6
33 27
97 2
93 71
89 44
30 92
12 64
90 16
93 51
38 48
36 38
3 66
47 68
73 79
78 83
82 41
15 31
68 47
61 84
22 32
8 56
15 21
5 24
96 46
6 96
23 78
93 96
53 74
81 10
42 67
85 5
29 67
8 78
45 30
41 25
10 25
92 42
25 82
79 38
3 25
90 60
23 78
13 75
90 13
100 82
14 39
21 53
87 13
16 97
5 34
71 35
22 55
3 65
39 15
63 94
96 33
39 88
81 52
100 38
43 90
90 30
92 90
94 87
17 48
5 28
60 76
93 97
13 37
18 18
42 75
80 29
79 21
67 15
83 24
26 94
27 90
88 96
46 6
12 84
38 72
97 37
65 91
41 76
28 86
97 91
29 8
53 18
51 43
32 41
18 6
91 58
18 61
47 48
92 89
48 23
59 57
58 22
49 33
85 43
39 53
53 98
65 8
72 17
32 21
12 95
84 29
100 94
14 91
65 17
15 64
8 69
15 47
38 11
12 44
60 86
69 27
40 87
93 28
92 63
4 84
30 31
89 11
51 78
37 67
92 94
79 7
29 60
28 50
72 86
97 49
98 2
38 32
68 92
62 4
1 99
32 92
25 68
44 22
77 63
31 19
94 66
19 14
16 50
14 49
72 97
20 64
99 66
87 64
91 19
27 92
51 85
79 81
23 83
70 19
79 80
69 73
85 14
44 37
3 67
10 29
69 19
6 57
27 98
48 18
83 28
85 67
62 21
27 50
59 50
94 13
51 69
10 98
59 48
37 75
59 53
48 10
77 25
87 12
46 62
76 32
63 41
72 26
50 88
52 9
57 36
17 34
59 55
7 94
98 40
91 53
17 94
11 16
91 78
66 4
84 3
20 40
3 12
67 85
31 45
51 96
49 6
83 64
98 33
100 68
61 88
1 79
12 54
80 6
88 6
24 27
5 40
48 83
18 20
22 80
89 29
48 92
23 51
39 40
59 15
56 94
24 86
8 49
39 7
19 14
26 97
12 91
1 42
23 5
46 74
95 99
4 18
54 45
80 87
78 86
40 90
32 18
15 89
24 79
64 43
54 2
14 36
59 96
32 15
29 54
2 9
20 50
56 42
41 6
2 98
27 10
64 88
7 21
38 82
36 36
82 25
36 43
44 98
65 64
91 53
43 77
18 89
1 28
58 5
71 97
86 25
59 76
23 92
86 87
53 8
36 42
89 98
35 77
57 91
37 66
100 20
65 27
11 74
23 82
20 86
26 76
48 71
53 63
41 19
33 40
64 75
94 71
13 81
84 43
71 84
59 25
17 95
50 96
7 17
5 12
88 49
50 36
53 68
94 8
6 7
63 99
27 83
51 52
78 42
2 91
27 4
21 22
96 2
47 40
55 33
76 6
68 30
8 77
11 45
9 67
6 67
88 29
11 97
90 64
12 25
1 67
46 75
16 89
91 73
28 91
15 35
8 40
38 13
91 62
16 85
31 80
29 24
42 26
2 72
1 9
71 19
83 24
27 18
87 42
56 24
87 13
32 57
40 37
37 95
48 33
47 8
36 43
27 44
14 58
1 60
12 41
79 91
42 18
89 76
40 20
45 12
79 73
96 1
93 14
36 80
15 92
27 91
71 3
52 9
55 93
61 78
96 65
25 54
26 41
34 61
63 81
73 5
46 44
84 95
22 71
77 86
87 52
66 5
25 93
89 11
34 71
12 65
65 77
63 62
76 52
9 6
49 67
24 17
57 34
21 61
28 60
95 43
17 25
87 50
61 69
52 85
50 3
4 57
38 89
46 21
91 85
46 78
98 79
14 74
67 87
78 49
51 89
26 58
16 27
30 90
84 39
58 79
21 66
67 55
72 1
27 75
93 38
92 69
81 64
91 79
29 18
10 7
34 82
6 84
17 46
15 14
1 27
20 17
59 80
47 50
70 64
92 14
27 52
45 99
82 60
3 81
78 45
23 5
65 86
3 16
12 33
14 73
1 49
52 40
97 93
7 30
37 19
23 76
63 98
48 85
23 26
94 38
15 54
36 13
41 66
49 30
16 85
47 48
8 36
100 94
63 97
91 44
24 90
2 9
61 22
61 2
97 1
76 57
23 2
49 62
62 10
76 46
65 94
46 78
21 9
39 74
4 15
91 2
16 25
47 3
41 2
97 91
43 50
61 51
83 17
82 77
71 54
84 29
60 60
99 35
12 40
48 17
93 44
51 79
13 20
69 96
42 23
10 83
71 89
58 50
63 26
67 9
49 57
2 22
85 18
2 79
31 57
69 41
29 80
27 4
50 94
48 3
96 6
77 6
29 53
73 25
54 67
88 38
55 65
56 77
19 6
8 7
31 35
77 5
65 59
59 43
35 21
64 85
28 36
54 52
46 100
83 92
40 38
41 76
86 8
12 63
31 98
43 2
75 44
44 18
81 53
71 83
90 55
93 45
18 44
46 70
86 68
61 48
63 48
6 24
82 71
28 87
77 71
24 80
96 66
42 63
44 1
67 9
4 9
79 67
69 88
75 39
20 22
77 32
17 73
47 17
18 26
62 41
75 41
12 86
41 74
79 68
82 81
67 67
44 46
62 11
78 6
11 67
97 10
69 28
94 89
8 80
15 28
8 90
100 24
85 55
24 60
55 73
76 7
40 99
16 20
86 86
60 28
4 55
36 32
76 33
3 47
18 67
68 91
88 45
46 39
69 55
38 67
43 99
38 96
72 41
68 97
55 71
28 95
92 2
34 43
29 22
83 33
15 28
41 9
25 62
70 11
7 15
14 29
9 41
95 68
28 87
85 70
9 99
13 14
22 96
58 53
34 79
59 65
29 43
80 67
74 78
51 100
90 54
56 28
86 8
72 78
93 31
99 83
53 40
8 99
62 94
17 52
54 36
51 4
30 82
63 1
57 4
90 2
60 56
14 1
42 50
81 87
97 93
9 96
89 17
25 28
59 74
63 57
57 34
30 78
44 15
46 35
25 96
14 49
4 70
37 40
10 69
25 60
22 87
60 29
55 87
71 54
11 15
83 68
39 28
65 82
73 2
62 76
98 90
8 45
94 98
24 21
84 73
32 59
31 91
35 81
17 96
74 65
97 18
78 36
100 15
75 54
7 33
79 89
60 35
11 29
18 11
73 7
30 80
19 20
36 41
23 77
77 26
56 17
13 17
19 39
32 70
77 28
49 94
8 22
27 22
24 74
12 38
92 16
43 24
30 85
28 35
91 25
65 12
58 38
67 39
51 99
67 17
6 45
83 64
1 11
16 20
35 96
28 37
34 50
50 17
28 60
89 3
44 21
83 27
83 23
88 5
93 97
29 52
91 17
77 20
84 12
5 76
23 7
98 27
87 98
77 77
6 59
74 32
94 81
58 25
89 41
50 65
74 33
47 56
16 87
15 97
91 33
75 18
61 27
43 88
14 4
51 6
75 60
91 7
60 4
22 6
56 28
10 97
93 27
11 16
24 9
29 91
94 1
74 50
72 75
57 29
88 95
96 15
8 84
32 38
38 48
2 12
61 56
8 9
59 14
78 32
16 33
99 62
74 97
79 53
45 44
89 21
20 89
36 61
33 82
1 100
61 19
92 97
32 1
1 67
88 23
5 17
47 16
57 99
86 25
64 22
87 62
36 29
63 20
59 43
69 16
87 58
5 78
87 28
56 42
91 33
3 66
14 26
66 50
15 81
27 5
43 29
31 25
44 11
77 9
21 73
24 76
92 10
54 72
12 50
78 96
100 99
1 39
27 27
44 99
34 53
97 77
54 23
69 69
7 25
93 32
74 43
67 63
37 47
27 71
89 17
1 47
30 15
17 62
63 69
78 58
24 53
75 100
71 67
12 61
67 51
55 16
6 54
22 73
